- model: shops.shop
  pk: 1
  fields:
    created_at: 2020-11-01 10:10:10.066687+00:00
    modified_at: 2020-12-01 11:11:11.066718+00:00
    created_by: 1
    modified_by: 1
    slug: bonobo-krakow
- model: shops.shop
  pk: 2
  fields:
    created_at: 2020-10-1 08:15:00.110255+00:00
    modified_at: 2020-10-11 10:25:13.110280+00:00
    created_by: 1
    modified_by: 1
    slug: bonobo-warszawa
- model: shops.income
  pk: 1
  fields:
    shop: 1
    when: 2020-12-1
    value: 10000
- model: shops.income
  pk: 2
  fields:
    shop: 2
    when: 2020-11-01
    value: 99000
- model: shops.employment
  pk: 1
  fields:
    user: 1
    shop: 1
- model: shops.employment
  pk: 2
  fields:
    user: 1
    shop: 2
